{
    "@module": "dpdata.system",
    "@class": "LabeledSystem",
    "data": {
        "atom_numbs": [
            4
        ],
        "atom_names": [
            "Cu"
        ],
        "atom_types": {
            "@module": "numpy",
            "@class": "array",
            "dtype": "int64",
            "data": [
                0,
                0,
                0,
                0
            ]
        },
        "orig": {
            "@module": "numpy",
            "@class": "array",
            "dtype": "int64",
            "data": [
                0,
                0,
                0
            ]
        },
        "cells": {
            "@module": "numpy",
            "@class": "array",
            "dtype": "float64",
            "data": [
                [
                    [
                        4.0038866455,
                        0.0,
                        0.0
                    ],
                    [
                        0.0,
                        4.0038866455,
                        0.0
                    ],
                    [
                        0.0,
                        0.0,
                        4.0038866455
                    ]
                ],
                [
                    [
                        3.9638477790449858,
                        0.0,
                        0.0
                    ],
                    [
                        0.0,
                        3.9638477790449858,
                        0.0
                    ],
                    [
                        0.0,
                        0.0,
                        3.9638477790449858
                    ]
                ],
                [
                    [
                        3.9238089125899718,
                        0.0,
                        0.0
                    ],
                    [
                        0.0,
                        3.9238089125899718,
                        0.0
                    ],
                    [
                        0.0,
                        0.0,
                        3.9238089125899718
                    ]
                ],
                [
                    [
                        3.8837700461349582,
                        0.0,
                        0.0
                    ],
                    [
                        0.0,
                        3.8837700461349582,
                        0.0
                    ],
                    [
                        0.0,
                        0.0,
                        3.8837700461349582
                    ]
                ],
                [
                    [
                        3.8437311796799443,
                        0.0,
                        0.0
                    ],
                    [
                        0.0,
                        3.8437311796799443,
                        0.0
                    ],
                    [
                        0.0,
                        0.0,
                        3.8437311796799443
                    ]
                ],
                [
                    [
                        3.8036923132249303,
                        0.0,
                        0.0
                    ],
                    [
                        0.0,
                        3.8036923132249303,
                        0.0
                    ],
                    [
                        0.0,
                        0.0,
                        3.8036923132249303
                    ]
                ],
                [
                    [
                        3.7636534467699163,
                        0.0,
                        0.0
                    ],
                    [
                        0.0,
                        3.7636534467699163,
                        0.0
                    ],
                    [
                        0.0,
                        0.0,
                        3.7636534467699163
                    ]
                ],
                [
                    [
                        3.7236145803149028,
                        0.0,
                        0.0
                    ],
                    [
                        0.0,
                        3.7236145803149028,
                        0.0
                    ],
                    [
                        0.0,
                        0.0,
                        3.7236145803149028
                    ]
                ],
                [
                    [
                        3.683575713859889,
                        0.0,
                        0.0
                    ],
                    [
                        0.0,
                        3.683575713859889,
                        0.0
                    ],
                    [
                        0.0,
                        0.0,
                        3.683575713859889
                    ]
                ],
                [
                    [
                        3.643536847404875,
                        0.0,
                        0.0
                    ],
                    [
                        0.0,
                        3.643536847404875,
                        0.0
                    ],
                    [
                        0.0,
                        0.0,
                        3.643536847404875
                    ]
                ],
                [
                    [
                        3.6150000582154918,
                        0.0,
                        0.0
                    ],
                    [
                        0.0,
                        3.6150000582154918,
                        0.0
                    ],
                    [
                        0.0,
                        0.0,
                        3.6150000582154918
                    ]
                ],
                [
                    [
                        3.6150000582154544,
                        0.0,
                        0.0
                    ],
                    [
                        0.0,
                        3.6150000582154544,
                        0.0
                    ],
                    [
                        0.0,
                        0.0,
                        3.6150000582154544
                    ]
                ],
                [
                    [
                        3.615000058215487,
                        0.0,
                        0.0
                    ],
                    [
                        -5.5237580417701144e-17,
                        3.615000058215487,
                        0.0
                    ],
                    [
                        -5.708224915150191e-17,
                        -6.042571123151583e-17,
                        3.6150000582154873
                    ]
                ]
            ]
        },
        "coords": {
            "@module": "numpy",
            "@class": "array",
            "dtype": "float64",
            "data": [
                [
                    [
                        0.0,
                        0.0,
                        0.0
                    ],
                    [
                        0.0,
                        2.00194332275,
                        2.00194332275
                    ],
                    [
                        2.00194332275,
                        0.0,
                        2.00194332275
                    ],
                    [
                        2.00194332275,
                        2.00194332275,
                        0.0
                    ]
                ],
                [
                    [
                        -2.1017906463608133e-14,
                        -2.1017906463608133e-14,
                        -2.1017906463608133e-14
                    ],
                    [
                        -2.1017906463608133e-14,
                        1.9819238895224929,
                        1.9819238895224929
                    ],
                    [
                        1.9819238895224929,
                        -2.1017906463608133e-14,
                        1.9819238895224929
                    ],
                    [
                        1.9819238895224929,
                        1.9819238895224929,
                        -2.1017906463608133e-14
                    ]
                ],
                [
                    [
                        -5.1493713883483235e-14,
                        -5.1493713883483235e-14,
                        -5.1493713883483235e-14
                    ],
                    [
                        -5.1493713883483235e-14,
                        1.9619044562949859,
                        1.9619044562949859
                    ],
                    [
                        1.9619044562949859,
                        -5.1493713883483235e-14,
                        1.9619044562949859
                    ],
                    [
                        1.9619044562949859,
                        1.9619044562949859,
                        -5.1493713883483235e-14
                    ]
                ],
                [
                    [
                        -9.386916850706349e-14,
                        -9.386916850706349e-14,
                        -9.386916850706349e-14
                    ],
                    [
                        -9.386916850706349e-14,
                        1.9418850230674791,
                        1.9418850230674791
                    ],
                    [
                        1.9418850230674791,
                        -9.386916850706349e-14,
                        1.9418850230674791
                    ],
                    [
                        1.9418850230674791,
                        1.9418850230674791,
                        -9.386916850706349e-14
                    ]
                ],
                [
                    [
                        -1.512819561429612e-13,
                        -1.512819561429612e-13,
                        -1.512819561429612e-13
                    ],
                    [
                        -1.512819561429612e-13,
                        1.9218655898399721,
                        1.9218655898399721
                    ],
                    [
                        1.9218655898399721,
                        -1.512819561429612e-13,
                        1.9218655898399721
                    ],
                    [
                        1.9218655898399721,
                        1.9218655898399721,
                        -1.512819561429612e-13
                    ]
                ],
                [
                    [
                        -2.2956652439545215e-13,
                        -2.2956652439545215e-13,
                        -2.2956652439545215e-13
                    ],
                    [
                        -2.2956652439545215e-13,
                        1.9018461566124651,
                        1.9018461566124651
                    ],
                    [
                        1.9018461566124651,
                        -2.2956652439545215e-13,
                        1.9018461566124651
                    ],
                    [
                        1.9018461566124651,
                        1.9018461566124651,
                        -2.2956652439545215e-13
                    ]
                ],
                [
                    [
                        -3.3881236331581076e-13,
                        -3.3881236331581076e-13,
                        -3.3881236331581076e-13
                    ],
                    [
                        -3.3881236331581076e-13,
                        1.8818267233849582,
                        1.8818267233849582
                    ],
                    [
                        1.8818267233849582,
                        -3.3881236331581076e-13,
                        1.8818267233849582
                    ],
                    [
                        1.8818267233849582,
                        1.8818267233849582,
                        -3.3881236331581076e-13
                    ]
                ],
                [
                    [
                        -4.994335291993166e-13,
                        -4.994335291993166e-13,
                        -4.994335291993166e-13
                    ],
                    [
                        -4.994335291993166e-13,
                        1.8618072901574514,
                        1.8618072901574514
                    ],
                    [
                        1.8618072901574514,
                        -4.994335291993166e-13,
                        1.8618072901574514
                    ],
                    [
                        1.8618072901574514,
                        1.8618072901574514,
                        -4.994335291993166e-13
                    ]
                ],
                [
                    [
                        -7.638336271774143e-13,
                        -7.638336271774143e-13,
                        -7.638336271774143e-13
                    ],
                    [
                        -7.638336271774143e-13,
                        1.8417878569299444,
                        1.8417878569299444
                    ],
                    [
                        1.8417878569299444,
                        -7.638336271774143e-13,
                        1.8417878569299444
                    ],
                    [
                        1.8417878569299444,
                        1.8417878569299444,
                        -7.638336271774143e-13
                    ]
                ],
                [
                    [
                        -1.327548155109898e-12,
                        -1.327548155109898e-12,
                        -1.327548155109898e-12
                    ],
                    [
                        -1.327548155109898e-12,
                        1.8217684237024374,
                        1.8217684237024374
                    ],
                    [
                        1.8217684237024374,
                        -1.327548155109898e-12,
                        1.8217684237024374
                    ],
                    [
                        1.8217684237024374,
                        1.8217684237024374,
                        -1.327548155109898e-12
                    ]
                ],
                [
                    [
                        -2.22309851080049e-11,
                        -2.22309851080049e-11,
                        -2.22309851080049e-11
                    ],
                    [
                        -2.223087665800315e-11,
                        1.8075000291077459,
                        1.8075000291077459
                    ],
                    [
                        1.8075000291077459,
                        -2.223087665800315e-11,
                        1.8075000291077459
                    ],
                    [
                        1.8075000291077459,
                        1.8075000291077459,
                        -2.223087665800315e-11
                    ]
                ],
                [
                    [
                        3.6150000582154544,
                        3.6150000582154544,
                        3.6150000582154544
                    ],
                    [
                        3.6150000582154544,
                        1.8075000291077272,
                        1.8075000291077272
                    ],
                    [
                        1.8075000291077272,
                        3.6150000582154544,
                        1.8075000291077272
                    ],
                    [
                        1.8075000291077272,
                        1.8075000291077272,
                        3.6150000582154544
                    ]
                ],
                [
                    [
                        3.615000058215487,
                        3.615000058215487,
                        3.6150000582154873
                    ],
                    [
                        3.615000058215487,
                        1.8075000291077434,
                        1.8075000291077437
                    ],
                    [
                        1.8075000291077434,
                        3.615000058215487,
                        1.8075000291077437
                    ],
                    [
                        1.8075000291077434,
                        1.8075000291077434,
                        3.6150000582154873
                    ]
                ]
            ]
        },
        "energies": {
            "@module": "numpy",
            "@class": "array",
            "dtype": "float64",
            "data": [
                -12.591612,
                -12.838822,
                -13.077665,
                -13.304496,
                -13.515235,
                -13.705137,
                -13.86881,
                -14.000602,
                -14.095254,
                -14.148639,
                -14.16,
                -14.16,
                -14.16
            ]
        },
        "forces": {
            "@module": "numpy",
            "@class": "array",
            "dtype": "float64",
            "data": [
                [
                    [
                        -4.21533e-11,
                        -4.21534e-11,
                        -4.21533e-11
                    ],
                    [
                        -4.21535e-11,
                        4.21534e-11,
                        4.21533e-11
                    ],
                    [
                        4.21533e-11,
                        -4.21534e-11,
                        4.21534e-11
                    ],
                    [
                        4.21533e-11,
                        4.21534e-11,
                        -4.21537e-11
                    ]
                ],
                [
                    [
                        -6.28484e-11,
                        -6.28483e-11,
                        -6.2848e-11
                    ],
                    [
                        -6.28484e-11,
                        6.28483e-11,
                        6.28482e-11
                    ],
                    [
                        6.28483e-11,
                        -6.28485e-11,
                        6.28483e-11
                    ],
                    [
                        6.28484e-11,
                        6.28482e-11,
                        -6.28482e-11
                    ]
                ],
                [
                    [
                        -8.54775e-11,
                        -8.54775e-11,
                        -8.54776e-11
                    ],
                    [
                        -8.54775e-11,
                        8.54775e-11,
                        8.54776e-11
                    ],
                    [
                        8.54776e-11,
                        -8.54775e-11,
                        8.54777e-11
                    ],
                    [
                        8.54776e-11,
                        8.54775e-11,
                        -8.54774e-11
                    ]
                ],
                [
                    [
                        -1.10259e-10,
                        -1.10259e-10,
                        -1.10259e-10
                    ],
                    [
                        -1.10259e-10,
                        1.10259e-10,
                        1.10259e-10
                    ],
                    [
                        1.10259e-10,
                        -1.10259e-10,
                        1.10259e-10
                    ],
                    [
                        1.10259e-10,
                        1.10259e-10,
                        -1.10259e-10
                    ]
                ],
                [
                    [
                        -1.37391e-10,
                        -1.3739e-10,
                        -1.37389e-10
                    ],
                    [
                        -1.3739e-10,
                        1.3739e-10,
                        1.3739e-10
                    ],
                    [
                        1.3739e-10,
                        -1.3739e-10,
                        1.3739e-10
                    ],
                    [
                        1.3739e-10,
                        1.3739e-10,
                        -1.3739e-10
                    ]
                ],
                [
                    [
                        -1.66986e-10,
                        -1.66986e-10,
                        -1.66986e-10
                    ],
                    [
                        -1.66986e-10,
                        1.66986e-10,
                        1.66986e-10
                    ],
                    [
                        1.66986e-10,
                        -1.66986e-10,
                        1.66986e-10
                    ],
                    [
                        1.66986e-10,
                        1.66986e-10,
                        -1.66986e-10
                    ]
                ],
                [
                    [
                        -1.99253e-10,
                        -1.99253e-10,
                        -1.99253e-10
                    ],
                    [
                        -1.99252e-10,
                        1.99253e-10,
                        1.99253e-10
                    ],
                    [
                        1.99253e-10,
                        -1.99252e-10,
                        1.99253e-10
                    ],
                    [
                        1.99253e-10,
                        1.99252e-10,
                        -1.99252e-10
                    ]
                ],
                [
                    [
                        -2.34058e-10,
                        -2.34058e-10,
                        -2.34058e-10
                    ],
                    [
                        -2.34057e-10,
                        2.34057e-10,
                        2.34057e-10
                    ],
                    [
                        2.34057e-10,
                        -2.34057e-10,
                        2.34057e-10
                    ],
                    [
                        2.34057e-10,
                        2.34057e-10,
                        -2.34057e-10
                    ]
                ],
                [
                    [
                        -2.70559e-10,
                        -2.70559e-10,
                        -2.70559e-10
                    ],
                    [
                        -2.70559e-10,
                        2.70559e-10,
                        2.70559e-10
                    ],
                    [
                        2.70559e-10,
                        -2.70559e-10,
                        2.70559e-10
                    ],
                    [
                        2.70559e-10,
                        2.70559e-10,
                        -2.70559e-10
                    ]
                ],
                [
                    [
                        -3.05445e-10,
                        -3.05445e-10,
                        -3.05445e-10
                    ],
                    [
                        -3.05445e-10,
                        3.05445e-10,
                        3.05445e-10
                    ],
                    [
                        3.05445e-10,
                        -3.05445e-10,
                        3.05445e-10
                    ],
                    [
                        3.05445e-10,
                        3.05445e-10,
                        -3.05445e-10
                    ]
                ],
                [
                    [
                        -5.34059e-12,
                        -5.3406e-12,
                        -5.34061e-12
                    ],
                    [
                        -5.3435e-12,
                        5.34206e-12,
                        5.34205e-12
                    ],
                    [
                        5.34214e-12,
                        -5.34356e-12,
                        5.34206e-12
                    ],
                    [
                        5.34206e-12,
                        5.34204e-12,
                        -5.34357e-12
                    ]
                ],
                [
                    [
                        -4.21885e-15,
                        -2.67581e-15,
                        -6.95277e-15
                    ],
                    [
                        -4.21885e-15,
                        4.13818e-15,
                        8.34055e-15
                    ],
                    [
                        4.09395e-15,
                        -4.20497e-15,
                        8.403e-15
                    ],
                    [
                        4.30211e-15,
                        2.83107e-15,
                        -9.78731e-15
                    ]
                ],
                [
                    [
                        -6.41154e-15,
                        -2.86967e-15,
                        -6.34909e-15
                    ],
                    [
                        -6.41154e-15,
                        2.81199e-15,
                        6.4497e-15
                    ],
                    [
                        6.45317e-15,
                        -2.85882e-15,
                        6.3699e-15
                    ],
                    [
                        6.41848e-15,
                        2.84495e-15,
                        -6.34909e-15
                    ]
                ]
            ]
        },
        "virials": {
            "@module": "numpy",
            "@class": "array",
            "dtype": "float64",
            "data": [
                [
                    [
                        -8.342647683789487,
                        -3.053113094274275e-16,
                        -3.642919042956449e-16
                    ],
                    [
                        -3.053113094274275e-16,
                        -8.342647683789487,
                        3.5735300889645635e-16
                    ],
                    [
                        -3.642919042956449e-16,
                        3.5735300889645635e-16,
                        -8.342647683789487
                    ]
                ],
                [
                    [
                        -8.038838744306576,
                        1.5959454698570434e-16,
                        -2.0816679957108558e-16
                    ],
                    [
                        1.5959454698570434e-16,
                        -8.038838744306576,
                        1.2490007974265134e-16
                    ],
                    [
                        -2.0816679957108558e-16,
                        1.2490007974265134e-16,
                        -8.038838744306576
                    ]
                ],
                [
                    [
                        -7.626927419191826,
                        2.0816680041833104e-17,
                        1.873501199994356e-16
                    ],
                    [
                        2.0816680041833104e-17,
                        -7.626927419191826,
                        5.551114778372118e-17
                    ],
                    [
                        1.873501199994356e-16,
                        5.551114778372118e-17,
                        -7.626927419191826
                    ]
                ],
                [
                    [
                        -7.097540996390995,
                        -2.5673905601753717e-16,
                        1.706967764999623e-15
                    ],
                    [
                        -2.5673905601753717e-16,
                        -7.097540996390995,
                        7.702171497707616e-16
                    ],
                    [
                        1.706967764999623e-15,
                        7.702171497707616e-16,
                        -7.097540996390995
                    ]
                ],
                [
                    [
                        -6.437571021211673,
                        4.996003190255384e-16,
                        1.6583955132776846e-15
                    ],
                    [
                        4.996003190255384e-16,
                        -6.437571021211673,
                        1.3808397726091677e-15
                    ],
                    [
                        1.6583955132776846e-15,
                        1.3808397726091677e-15,
                        -6.437571021211673
                    ]
                ],
                [
                    [
                        -5.6279565321398595,
                        -2.706168411630293e-16,
                        -2.2898347992722974e-16
                    ],
                    [
                        -2.706168411630293e-16,
                        -5.6279565321398595,
                        -6.591948862334931e-16
                    ],
                    [
                        -2.2898347992722974e-16,
                        -6.591948862334931e-16,
                        -5.6279565321398595
                    ]
                ],
                [
                    [
                        -4.658230065043022,
                        -5.481725899379653e-16,
                        -5.34294804956943e-16
                    ],
                    [
                        -5.481725899379653e-16,
                        -4.658230065043022,
                        -4.024558309997141e-16
                    ],
                    [
                        -5.34294804956943e-16,
                        -4.024558309997141e-16,
                        -4.658230065043022
                    ]
                ],
                [
                    [
                        -3.534829823617841,
                        -9.089950246310485e-16,
                        -9.298117104881236e-16
                    ],
                    [
                        -9.089950246310485e-16,
                        -3.534829823617841,
                        -1.3392064356709725e-15
                    ],
                    [
                        -9.298117104881236e-16,
                        -1.3392064356709725e-15,
                        -3.534829823617841
                    ]
                ],
                [
                    [
                        -2.2872004628318345,
                        -2.7755573406368756e-17,
                        -1.942890138445813e-16
                    ],
                    [
                        -2.7755573406368756e-17,
                        -2.2872004628318345,
                        2.7755573406368756e-17
                    ],
                    [
                        -1.942890138445813e-16,
                        2.7755573406368756e-17,
                        -2.2872004628318345
                    ]
                ],
                [
                    [
                        -0.9632814693558844,
                        -2.9143352158958193e-16,
                        1.3877786612976523e-17
                    ],
                    [
                        -2.9143352158958193e-16,
                        -0.9632814693558844,
                        1.9428901439305461e-16
                    ],
                    [
                        1.3877786612976523e-17,
                        1.9428901439305461e-16,
                        -0.9632814693558844
                    ]
                ],
                [
                    [
                        -1.575545132231643e-13,
                        2.650657257425252e-15,
                        2.581268330777366e-15
                    ],
                    [
                        2.650657257425252e-15,
                        -1.5772104669429669e-13,
                        2.5951461102097616e-15
                    ],
                    [
                        2.581268330777366e-15,
                        2.5951461102097616e-15,
                        -1.5762390241518538e-13
                    ]
                ],
                [
                    [
                        1.0994468467229141e-12,
                        -2.123301373620979e-15,
                        -2.5431044225952453e-15
                    ],
                    [
                        -2.123301373620979e-15,
                        1.0999030822084632e-12,
                        -2.412566495308854e-15
                    ],
                    [
                        -2.5431044225952453e-15,
                        -2.412566495308854e-15,
                        1.099127661747081e-12
                    ]
                ],
                [
                    [
                        6.772360078233488e-15,
                        -2.081668005837941e-17,
                        5.759281413034983e-16
                    ],
                    [
                        -2.081668005837941e-17,
                        3.6724093504820565e-15,
                        3.1051546960086877e-16
                    ],
                    [
                        5.759281413034983e-16,
                        3.1051546960086877e-16,
                        7.160938079256012e-15
                    ]
                ]
            ]
        },
        "stress": {
            "@module": "numpy",
            "@class": "array",
            "dtype": "float64",
            "data": [
                [
                    [
                        -208.24231,
                        -7.620929800000001e-15,
                        -9.0931549e-15
                    ],
                    [
                        -7.620929800000001e-15,
                        -208.24231,
                        8.919951899999999e-15
                    ],
                    [
                        -9.0931549e-15,
                        8.919951899999999e-15,
                        -208.24231
                    ]
                ],
                [
                    [
                        -206.80107999999998,
                        4.1056084999999995e-15,
                        -5.3551414999999994e-15
                    ],
                    [
                        4.1056084999999995e-15,
                        -206.80107999999998,
                        3.2130849e-15
                    ],
                    [
                        -5.3551414999999994e-15,
                        3.2130849e-15,
                        -206.80107999999998
                    ]
                ],
                [
                    [
                        -202.27232,
                        5.5207529e-16,
                        4.9686776e-15
                    ],
                    [
                        5.5207529e-16,
                        -202.27232,
                        1.4722008e-15
                    ],
                    [
                        4.9686776e-15,
                        1.4722008e-15,
                        -202.27232
                    ]
                ],
                [
                    [
                        -194.11441,
                        -7.0216925e-15,
                        4.6684765999999997e-14
                    ],
                    [
                        -7.0216925e-15,
                        -194.11441,
                        2.1065077e-14
                    ],
                    [
                        4.6684765999999997e-14,
                        2.1065077e-14,
                        -194.11441
                    ]
                ],
                [
                    [
                        -181.62407000000002,
                        1.4095292e-14,
                        4.6788539e-14
                    ],
                    [
                        1.4095292e-14,
                        -181.62407000000002,
                        3.8957821e-14
                    ],
                    [
                        4.6788539e-14,
                        3.8957821e-14,
                        -181.62407000000002
                    ]
                ],
                [
                    [
                        -163.84945000000002,
                        -7.8786004e-15,
                        -6.666508e-15
                    ],
                    [
                        -7.8786004e-15,
                        -163.84945000000002,
                        -1.9191463e-14
                    ],
                    [
                        -6.666508e-15,
                        -1.9191463e-14,
                        -163.84945000000002
                    ]
                ],
                [
                    [
                        -139.99175,
                        -1.6473991e-14,
                        -1.6056928e-14
                    ],
                    [
                        -1.6473991e-14,
                        -139.99175,
                        -1.2094828999999999e-14
                    ],
                    [
                        -1.6056928e-14,
                        -1.2094828999999999e-14,
                        -139.99175
                    ]
                ],
                [
                    [
                        -109.69447,
                        -2.8208353e-14,
                        -2.8854346e-14
                    ],
                    [
                        -2.8208353e-14,
                        -109.69447,
                        -4.1558871999999996e-14
                    ],
                    [
                        -2.8854346e-14,
                        -4.1558871999999996e-14,
                        -109.69447
                    ]
                ],
                [
                    [
                        -73.31719100000001,
                        -8.897168e-16,
                        -6.2280176e-15
                    ],
                    [
                        -8.897168e-16,
                        -73.31719100000001,
                        8.897168e-16
                    ],
                    [
                        -6.2280176e-15,
                        8.897168e-16,
                        -73.31719100000001
                    ]
                ],
                [
                    [
                        -31.907597000000003,
                        -9.6534021e-15,
                        4.5968581e-16
                    ],
                    [
                        -9.6534021e-15,
                        -31.907597000000003,
                        6.4356014e-15
                    ],
                    [
                        4.5968581e-16,
                        6.4356014e-15,
                        -31.907597000000003
                    ]
                ],
                [
                    [
                        -5.3433831e-12,
                        8.989572500000001e-14,
                        8.7542434e-14
                    ],
                    [
                        8.989572500000001e-14,
                        -5.349031e-12,
                        8.801309200000001e-14
                    ],
                    [
                        8.7542434e-14,
